[logic]
active = sr_level_changer

[sr_level_changer]
dest_game_vertex_id = 2659
dest_level_vertex_id = 25534
dest_position = 2.70751976966858,5.41002607345581,64.4426574707031
dest_direction = 0,0.754199862480164,0
silent_mode = 1
on_info = {+seen_l12_stancia_2 +sar2_monolith_miracle} sr_level_changer@2

[sr_level_changer@2]
dest_game_vertex_id = 2659
dest_level_vertex_id = 25534
dest_position = 2.70751976966858,5.41002607345581,64.4426574707031
dest_direction = 0,0.754199862480164,0
pt_move_if_reject = con_way_if_reject_to_st2
