[logic]
active = sr_level_changer

[sr_level_changer]
dest_game_vertex_id = 2401
dest_level_vertex_id = 404957
dest_position = 919.089599609375,0.000268459320068359,-292.599273681641
dest_direction = -0.00000002022345,0.0,-0.00000000537710
silent_mode = 1
on_info = {+aes_actor_road +seen_l12_stancia} sr_level_changer@2

[sr_level_changer@2]
dest_game_vertex_id = 2401
dest_level_vertex_id = 404957
dest_position = 919.089599609375,0.000268459320068359,-292.599273681641
dest_direction = -0.00000002022345,0.0,-0.00000000537710
;pt_move_if_reject = pri_path_if_reject
