[logic]
active = sr_level_changer

[sr_level_changer]
dest_game_vertex_id = 2269
dest_level_vertex_id = 145458
dest_position = 96.7300033569336,0.730000019073486,188.710006713867
dest_direction = -1.05999994277954,-0.819999992847443,-1.05999994277954
silent_mode = 1
